1759754671254 0.87772 1
1759754671345 0.89371 2
1759754671419 0.93413 3
1759754671460 0.90273 4
1759754671481 0.86139 5
1759754671509 0.81686 6
1759754671597 0.95849 7
1759754671644 0.93272 8
1759754671741 0.9387 9
1759754671784 0.85207 10
1759754671872 0.80536 11
1759754671916 0.96885 12
1759754671956 0.96884 13
1759754672011 0.96787 14
1759754672034 0.91979 15
1759754672055 0.96589 16
1759754672141 0.67483 17
1759754672200 0.70218 18
1759754672277 0.9723 19
1759754672300 0.9725 20
1759754672366 0.97093 21
1759754672422 0.97287 22
1759754672461 0.97471 23
1759754672531 0.97436 24
1759754672553 0.9739 25
