1759754671262 0.95783 1
1759754671367 0.92223 2
1759754671429 0.98292 3
1759754671464 0.88671 4
1759754671486 0.92596 5
1759754671514 0.96898 6
1759754671601 0.98948 7
1759754671648 0.98852 8
1759754671745 0.99133 9
1759754671790 0.9881 10
1759754671876 0.98007 11
1759754671921 0.98679 12
1759754671970 0.98527 13
1759754672016 0.99023 14
1759754672038 0.9779 15
1759754672060 0.99154 16
1759754672145 0.96229 17
1759754672205 0.97244 18
1759754672282 0.98815 19
1759754672305 0.98318 20
1759754672371 0.98764 21
1759754672443 0.98504 22
1759754672507 0.9872 23
1759754672535 0.98719 24
1759754672558 0.98962 25
