1759754671267 0.78392 1
1759754671376 0.86298 2
1759754671433 0.85181 3
1759754671469 0.90157 4
1759754671490 0.85592 5
1759754671530 0.72979 6
1759754671628 0.93031 7
1759754671693 0.90007 8
1759754671759 0.90247 9
1759754671812 0.77544 10
1759754671900 0.70358 11
1759754671925 0.94906 12
1759754671975 0.95094 13
1759754672020 0.94224 14
1759754672042 0.87167 15
1759754672126 0.94322 16
1759754672187 0.50744 17
1759754672209 0.50731 18
1759754672286 0.95376 19
1759754672331 0.95405 20
1759754672392 0.95285 21
1759754672448 0.95268 22
1759754672514 0.95248 23
1759754672540 0.95225 24
1759754672608 0.9524 25
