1759754671275 0.60011 1
1759754671380 0.60017 2
1759754671451 0.57245 3
1759754671473 0.53091 4
1759754671494 0.58583 5
1759754671588 0.5801 6
1759754671634 0.55581 7
1759754671699 0.51925 8
1759754671764 0.52785 9
1759754671816 0.50249 10
1759754671907 0.51653 11
1759754671929 0.51674 12
1759754672002 0.48728 13
1759754672025 0.4719 14
1759754672047 0.48055 15
1759754672131 0.4635 16
1759754672191 0.45622 17
1759754672242 0.43248 18
1759754672291 0.40637 19
1759754672337 0.42429 20
1759754672396 0.4212 21
1759754672453 0.39803 22
1759754672518 0.40286 23
1759754672544 0.41371 24
1759754672615 0.38434 25
