1759754672871 0.98085 1
1759754672979 0.98599 2
1759754673043 0.98516 3
1759754673078 0.98523 4
1759754673160 0.98415 5
1759754673205 0.99109 6
1759754673236 0.99047 7
1759754673298 0.99364 8
1759754673365 0.99055 9
1759754673385 0.99362 10
1759754673463 0.992 11
1759754673524 0.99332 12
1759754673602 0.99298 13
1759754673643 0.98056 14
1759754673665 0.99125 15
1759754673742 0.9928 16
1759754673777 0.98877 17
1759754673880 0.99477 18
1759754673922 0.99446 19
1759754673977 0.99313 20
1759754674064 0.99357 21
1759754674129 0.99369 22
1759754674170 0.99345 23
1759754674258 0.99298 24
1759754674298 0.99176 25
