1759754672941 0.95697 1
1759754672998 0.95341 2
1759754673056 0.957 3
1759754673102 0.95624 4
1759754673164 0.95166 5
1759754673210 0.95246 6
1759754673240 0.94625 7
1759754673303 0.95492 8
1759754673369 0.95545 9
1759754673390 0.95257 10
1759754673467 0.95299 11
1759754673528 0.95416 12
1759754673611 0.95754 13
1759754673647 0.54672 14
1759754673669 0.74726 15
1759754673748 0.83737 16
1759754673828 0.68114 17
1759754673887 0.92189 18
1759754673926 0.95835 19
1759754673983 0.95712 20
1759754674068 0.95709 21
1759754674147 0.95751 22
1759754674174 0.95532 23
1759754674271 0.95916 24
1759754674350 0.95711 25
