1759754672867 0.97513 1
1759754672973 0.9742 2
1759754673039 0.97323 3
1759754673069 0.97652 4
1759754673155 0.97427 5
1759754673191 0.97872 6
1759754673231 0.97428 7
1759754673291 0.97604 8
1759754673337 0.97383 9
1759754673381 0.97258 10
1759754673459 0.97218 11
1759754673518 0.97679 12
1759754673570 0.97989 13
1759754673638 0.71953 14
1759754673660 0.84494 15
1759754673716 0.90341 16
1759754673772 0.80659 17
1759754673871 0.95483 18
1759754673917 0.97603 19
1759754673967 0.9785 20
1759754674051 0.97736 21
1759754674123 0.9789 22
1759754674165 0.97558 23
1759754674252 0.9754 24
1759754674293 0.97544 25
