1759754672945 0.45737 1
1759754673002 0.44767 2
1759754673060 0.44396 3
1759754673123 0.44637 4
1759754673171 0.44727 5
1759754673220 0.43304 6
1759754673280 0.42487 7
1759754673324 0.44267 8
1759754673372 0.43565 9
1759754673394 0.43046 10
1759754673477 0.42018 11
1759754673561 0.40083 12
1759754673626 0.41094 13
1759754673652 0.41385 14
1759754673673 0.39667 15
1759754673752 0.36101 16
1759754673837 0.36372 17
1759754673892 0.35363 18
1759754673931 0.35175 19
1759754673989 0.35766 20
1759754674092 0.34356 21
1759754674152 0.34894 22
1759754674206 0.34768 23
1759754674284 0.33839 24
1759754674356 0.34563 25
